epoch,class_0_tp,class_0_fp,class_0_tn,class_0_fn,class_1_tp,class_1_fp,class_1_tn,class_1_fn,accuracy,roc_auc,f1_score,loss
2,40,10,0,0,0,0,40,10,0.8,0.4825,0,0.611871318
3,40,10,0,0,0,0,40,10,0.8,0.5425,0,0.623796241
4,40,10,0,0,0,0,40,10,0.8,0.5625,0,0.626219547
5,39,10,0,1,0,1,39,10,0.78,0.62,0,0.625044889
6,38,9,1,2,1,2,38,9,0.78,0.6375,0.153846154,0.624706705
7,38,9,1,2,1,2,38,9,0.78,0.705,0.153846154,0.620121252
8,38,9,1,2,1,2,38,9,0.78,0.7175,0.153846154,0.617519519
9,37,8,2,3,2,3,37,8,0.78,0.72,0.266666667,0.614240082
10,36,7,3,4,3,4,36,7,0.78,0.7275,0.352941176,0.61288788
11,35,7,3,5,3,5,35,7,0.76,0.7325,0.333333333,0.611418531
12,34,7,3,6,3,6,34,7,0.74,0.7375,0.315789474,0.607842947
13,32,7,3,8,3,8,32,7,0.7,0.7275,0.285714286,0.60435808
14,31,6,4,9,4,9,31,6,0.7,0.725,0.347826087,0.601239332
15,31,6,4,9,4,9,31,6,0.7,0.725,0.347826087,0.598611103
16,31,6,4,9,4,9,31,6,0.7,0.7225,0.347826087,0.596002668
17,31,6,4,9,4,9,31,6,0.7,0.7175,0.347826087,0.595106426
18,31,6,4,9,4,9,31,6,0.7,0.7125,0.347826087,0.593335814
19,31,7,3,9,3,9,31,7,0.68,0.71,0.272727273,0.590657
20,31,7,3,9,3,9,31,7,0.68,0.71,0.272727273,0.58908619
21,31,7,3,9,3,9,31,7,0.68,0.71,0.272727273,0.587120684
22,31,7,3,9,3,9,31,7,0.68,0.7125,0.272727273,0.585310626
23,31,7,3,9,3,9,31,7,0.68,0.7125,0.272727273,0.583577707
24,32,7,3,8,3,8,32,7,0.7,0.7175,0.285714286,0.582079423
25,32,7,3,8,3,8,32,7,0.7,0.72,0.285714286,0.579892668
26,32,7,3,8,3,8,32,7,0.7,0.7225,0.285714286,0.57779583
27,32,7,3,8,3,8,32,7,0.7,0.72,0.285714286,0.577016887
28,32,7,3,8,3,8,32,7,0.7,0.72,0.285714286,0.576480659
29,32,7,3,8,3,8,32,7,0.7,0.72,0.285714286,0.576648759
30,32,7,3,8,3,8,32,7,0.7,0.7225,0.285714286,0.576086748
31,33,7,3,7,3,7,33,7,0.72,0.72,0.3,0.575174885
32,33,7,3,7,3,7,33,7,0.72,0.7175,0.3,0.572984759
33,33,7,3,7,3,7,33,7,0.72,0.7225,0.3,0.571154751
34,33,7,3,7,3,7,33,7,0.72,0.7175,0.3,0.569493631
35,33,7,3,7,3,7,33,7,0.72,0.715,0.3,0.56858071
36,33,7,3,7,3,7,33,7,0.72,0.715,0.3,0.56731252
37,34,7,3,6,3,6,34,7,0.74,0.7125,0.315789474,0.565513075
38,34,7,3,6,3,6,34,7,0.74,0.715,0.315789474,0.565442402
39,34,7,3,6,3,6,34,7,0.74,0.72,0.315789474,0.564168918
40,34,7,3,6,3,6,34,7,0.74,0.72,0.315789474,0.563642153
41,34,7,3,6,3,6,34,7,0.74,0.725,0.315789474,0.563418124
42,34,7,3,6,3,6,34,7,0.74,0.72,0.315789474,0.562302748
43,34,7,3,6,3,6,34,7,0.74,0.7175,0.315789474,0.56116832
44,34,7,3,6,3,6,34,7,0.74,0.71,0.315789474,0.56131211
45,34,7,3,6,3,6,34,7,0.74,0.7025,0.315789474,0.560998571
46,35,7,3,5,3,5,35,7,0.76,0.6975,0.333333333,0.560675442
47,35,7,3,5,3,5,35,7,0.76,0.695,0.333333333,0.560933795
48,35,7,3,5,3,5,35,7,0.76,0.6925,0.333333333,0.561271878
49,35,7,3,5,3,5,35,7,0.76,0.685,0.333333333,0.561390652
50,35,7,3,5,3,5,35,7,0.76,0.6825,0.333333333,0.561938815
51,35,7,3,5,3,5,35,7,0.76,0.6825,0.333333333,0.562695113
52,35,7,3,5,3,5,35,7,0.76,0.6825,0.333333333,0.562677938
53,35,7,3,5,3,5,35,7,0.76,0.6825,0.333333333,0.563023608
54,35,7,3,5,3,5,35,7,0.76,0.685,0.333333333,0.563658498
55,35,7,3,5,3,5,35,7,0.76,0.6875,0.333333333,0.564256379
56,35,7,3,5,3,5,35,7,0.76,0.69,0.333333333,0.564355879
57,35,7,3,5,3,5,35,7,0.76,0.6925,0.333333333,0.564437984
58,35,7,3,5,3,5,35,7,0.76,0.6925,0.333333333,0.564533893
59,35,7,3,5,3,5,35,7,0.76,0.6925,0.333333333,0.564710559
60,35,7,3,5,3,5,35,7,0.76,0.6975,0.333333333,0.565100124
61,35,7,3,5,3,5,35,7,0.76,0.6975,0.333333333,0.565391822
62,35,7,3,5,3,5,35,7,0.76,0.7025,0.333333333,0.565647212
63,35,7,3,5,3,5,35,7,0.76,0.7075,0.333333333,0.565967062
64,35,7,3,5,3,5,35,7,0.76,0.71,0.333333333,0.56658081
65,35,7,3,5,3,5,35,7,0.76,0.71,0.333333333,0.567236046
66,35,8,2,5,2,5,35,8,0.74,0.7125,0.235294118,0.568251323
67,35,8,2,5,2,5,35,8,0.74,0.7125,0.235294118,0.569327858
68,35,8,2,5,2,5,35,8,0.74,0.715,0.235294118,0.570160608
69,35,8,2,5,2,5,35,8,0.74,0.715,0.235294118,0.571360251
70,35,8,2,5,2,5,35,8,0.74,0.7175,0.235294118,0.572227308
71,35,9,1,5,1,5,35,9,0.72,0.7175,0.125,0.573371784
72,35,9,1,5,1,5,35,9,0.72,0.7175,0.125,0.574753439
73,35,9,1,5,1,5,35,9,0.72,0.72,0.125,0.576169253
74,35,9,1,5,1,5,35,9,0.72,0.72,0.125,0.577230893
75,35,9,1,5,1,5,35,9,0.72,0.7175,0.125,0.578651013
76,35,9,1,5,1,5,35,9,0.72,0.7175,0.125,0.580267675
77,36,9,1,4,1,4,36,9,0.74,0.7175,0.133333333,0.582021577
78,36,9,1,4,1,4,36,9,0.74,0.7175,0.133333333,0.584142635
79,36,9,1,4,1,4,36,9,0.74,0.7175,0.133333333,0.586289709
80,36,9,1,4,1,4,36,9,0.74,0.7175,0.133333333,0.58825844
81,36,9,1,4,1,4,36,9,0.74,0.7175,0.133333333,0.589981335
82,36,9,1,4,1,4,36,9,0.74,0.715,0.133333333,0.591501646
83,36,9,1,4,1,4,36,9,0.74,0.715,0.133333333,0.59388413
84,36,9,1,4,1,4,36,9,0.74,0.7125,0.133333333,0.595428982
85,36,9,1,4,1,4,36,9,0.74,0.7125,0.133333333,0.597478775
86,36,9,1,4,1,4,36,9,0.74,0.7125,0.133333333,0.599129246
87,36,9,1,4,1,4,36,9,0.74,0.715,0.133333333,0.600845266
88,36,9,1,4,1,4,36,9,0.74,0.715,0.133333333,0.602671439
89,36,9,1,4,1,4,36,9,0.74,0.715,0.133333333,0.604497599
90,36,9,1,4,1,4,36,9,0.74,0.715,0.133333333,0.606506607
91,36,9,1,4,1,4,36,9,0.74,0.7125,0.133333333,0.608608456
92,36,9,1,4,1,4,36,9,0.74,0.7125,0.133333333,0.611191913
93,36,9,1,4,1,4,36,9,0.74,0.715,0.133333333,0.614088621
94,36,9,1,4,1,4,36,9,0.74,0.715,0.133333333,0.617049225
95,36,9,1,4,1,4,36,9,0.74,0.7175,0.133333333,0.619090951
96,36,9,1,4,1,4,36,9,0.74,0.7175,0.133333333,0.621740529
97,36,9,1,4,1,4,36,9,0.74,0.72,0.133333333,0.624365954
98,36,9,1,4,1,4,36,9,0.74,0.7225,0.133333333,0.626887705
99,36,9,1,4,1,4,36,9,0.74,0.7225,0.133333333,0.630068997
100,36,9,1,4,1,4,36,9,0.74,0.7225,0.133333333,0.632771572
101,36,9,1,4,1,4,36,9,0.74,0.72,0.133333333,0.634775823
102,36,9,1,4,1,4,36,9,0.74,0.72,0.133333333,0.637615494
103,36,9,1,4,1,4,36,9,0.74,0.7175,0.133333333,0.640324181
104,36,9,1,4,1,4,36,9,0.74,0.715,0.133333333,0.642674679
105,36,9,1,4,1,4,36,9,0.74,0.72,0.133333333,0.645294991
106,36,9,1,4,1,4,36,9,0.74,0.72,0.133333333,0.647208583
107,36,9,1,4,1,4,36,9,0.74,0.715,0.133333333,0.651072412
108,36,9,1,4,1,4,36,9,0.74,0.715,0.133333333,0.653640008
109,36,9,1,4,1,4,36,9,0.74,0.7175,0.133333333,0.65668131
110,36,9,1,4,1,4,36,9,0.74,0.7225,0.133333333,0.659088631
111,36,9,1,4,1,4,36,9,0.74,0.725,0.133333333,0.661500638
112,36,9,1,4,1,4,36,9,0.74,0.725,0.133333333,0.663867519
113,36,9,1,4,1,4,36,9,0.74,0.725,0.133333333,0.666370393
114,36,9,1,4,1,4,36,9,0.74,0.7275,0.133333333,0.669416111
115,36,9,1,4,1,4,36,9,0.74,0.725,0.133333333,0.672073066
116,36,9,1,4,1,4,36,9,0.74,0.7225,0.133333333,0.675628963
117,36,9,1,4,1,4,36,9,0.74,0.7225,0.133333333,0.679073586
118,36,9,1,4,1,4,36,9,0.74,0.7175,0.133333333,0.682773939
119,36,9,1,4,1,4,36,9,0.74,0.7175,0.133333333,0.687302217
120,36,9,1,4,1,4,36,9,0.74,0.715,0.133333333,0.690772245
121,36,9,1,4,1,4,36,9,0.74,0.715,0.133333333,0.692897101
122,36,9,1,4,1,4,36,9,0.74,0.715,0.133333333,0.695468883
123,36,9,1,4,1,4,36,9,0.74,0.72,0.133333333,0.698335092
124,36,9,1,4,1,4,36,9,0.74,0.7175,0.133333333,0.700678695
125,36,9,1,4,1,4,36,9,0.74,0.7125,0.133333333,0.702469082
126,36,9,1,4,1,4,36,9,0.74,0.705,0.133333333,0.705217043
127,36,9,1,4,1,4,36,9,0.74,0.6975,0.133333333,0.705979978
128,36,9,1,4,1,4,36,9,0.74,0.695,0.133333333,0.706672557
129,36,9,1,4,1,4,36,9,0.74,0.6975,0.133333333,0.706697175
130,36,9,1,4,1,4,36,9,0.74,0.695,0.133333333,0.707882916
131,36,9,1,4,1,4,36,9,0.74,0.6875,0.133333333,0.709748383
132,36,9,1,4,1,4,36,9,0.74,0.6875,0.133333333,0.71214442
133,36,9,1,4,1,4,36,9,0.74,0.6825,0.133333333,0.714936733
134,36,9,1,4,1,4,36,9,0.74,0.68,0.133333333,0.717213904
135,36,9,1,4,1,4,36,9,0.74,0.68,0.133333333,0.718816576
136,36,9,1,4,1,4,36,9,0.74,0.68,0.133333333,0.721211642
137,36,9,1,4,1,4,36,9,0.74,0.6775,0.133333333,0.722866414
138,36,9,1,4,1,4,36,9,0.74,0.675,0.133333333,0.724246994
139,36,9,1,4,1,4,36,9,0.74,0.675,0.133333333,0.726153137
140,36,9,1,4,1,4,36,9,0.74,0.6725,0.133333333,0.726182912
141,36,9,1,4,1,4,36,9,0.74,0.67,0.133333333,0.72712262
142,36,9,1,4,1,4,36,9,0.74,0.6675,0.133333333,0.728974848
143,36,9,1,4,1,4,36,9,0.74,0.6575,0.133333333,0.732276764
144,36,9,1,4,1,4,36,9,0.74,0.6525,0.133333333,0.734187062
145,36,9,1,4,1,4,36,9,0.74,0.655,0.133333333,0.735114697
146,36,9,1,4,1,4,36,9,0.74,0.655,0.133333333,0.736403247
147,36,9,1,4,1,4,36,9,0.74,0.655,0.133333333,0.738762659
148,36,9,1,4,1,4,36,9,0.74,0.645,0.133333333,0.741683557
149,36,9,1,4,1,4,36,9,0.74,0.6425,0.133333333,0.743177697
150,36,9,1,4,1,4,36,9,0.74,0.645,0.133333333,0.744720498
151,36,9,1,4,1,4,36,9,0.74,0.6425,0.133333333,0.747231324
152,36,9,1,4,1,4,36,9,0.74,0.64,0.133333333,0.749510111
153,36,9,1,4,1,4,36,9,0.74,0.64,0.133333333,0.750394592
154,36,8,2,4,2,4,36,8,0.76,0.64,0.25,0.751813628
155,36,8,2,4,2,4,36,8,0.76,0.6375,0.25,0.752822904
156,36,8,2,4,2,4,36,8,0.76,0.635,0.25,0.754379257
157,36,8,2,4,2,4,36,8,0.76,0.635,0.25,0.755518477
158,36,8,2,4,2,4,36,8,0.76,0.635,0.25,0.756420166
159,36,8,2,4,2,4,36,8,0.76,0.635,0.25,0.757388576
160,36,8,2,4,2,4,36,8,0.76,0.6325,0.25,0.759631027
161,36,8,2,4,2,4,36,8,0.76,0.635,0.25,0.760496695
162,36,8,2,4,2,4,36,8,0.76,0.64,0.25,0.761173767
163,36,8,2,4,2,4,36,8,0.76,0.6375,0.25,0.762159898
164,36,8,2,4,2,4,36,8,0.76,0.64,0.25,0.761419557
165,36,8,2,4,2,4,36,8,0.76,0.64,0.25,0.761275094
166,36,8,2,4,2,4,36,8,0.76,0.64,0.25,0.761063763
167,36,8,2,4,2,4,36,8,0.76,0.6425,0.25,0.760380086
168,36,8,2,4,2,4,36,8,0.76,0.6425,0.25,0.759270288
169,36,8,2,4,2,4,36,8,0.76,0.6425,0.25,0.755847585
170,36,8,2,4,2,4,36,8,0.76,0.645,0.25,0.754640334
171,36,8,2,4,2,4,36,8,0.76,0.6475,0.25,0.753708505
172,36,9,1,4,1,4,36,9,0.74,0.6425,0.133333333,0.753930458
173,36,8,2,4,2,4,36,8,0.76,0.6425,0.25,0.755052508
174,36,8,2,4,2,4,36,8,0.76,0.65,0.25,0.75370397
175,36,9,1,4,1,4,36,9,0.74,0.6525,0.133333333,0.752445255
176,36,8,2,4,2,4,36,8,0.76,0.6575,0.25,0.752215445
177,36,8,2,4,2,4,36,8,0.76,0.6575,0.25,0.752281056
178,36,9,1,4,1,4,36,9,0.74,0.6575,0.133333333,0.751800978
179,36,9,1,4,1,4,36,9,0.74,0.66,0.133333333,0.752316289
180,36,9,1,4,1,4,36,9,0.74,0.6625,0.133333333,0.752415063
181,36,9,1,4,1,4,36,9,0.74,0.67,0.133333333,0.752183231
182,36,9,1,4,1,4,36,9,0.74,0.67,0.133333333,0.752854517
183,36,9,1,4,1,4,36,9,0.74,0.6725,0.133333333,0.752400973
184,36,9,1,4,1,4,36,9,0.74,0.6725,0.133333333,0.75262546
185,36,9,1,4,1,4,36,9,0.74,0.6725,0.133333333,0.752866032
186,36,9,1,4,1,4,36,9,0.74,0.675,0.133333333,0.753481892
187,36,9,1,4,1,4,36,9,0.74,0.6725,0.133333333,0.7537449
188,36,9,1,4,1,4,36,9,0.74,0.675,0.133333333,0.754540897
189,36,9,1,4,1,4,36,9,0.74,0.675,0.133333333,0.755517629
190,36,9,1,4,1,4,36,9,0.74,0.6725,0.133333333,0.755629006
191,36,9,1,4,1,4,36,9,0.74,0.6725,0.133333333,0.755861638
192,36,9,1,4,1,4,36,9,0.74,0.675,0.133333333,0.755791784
193,36,9,1,4,1,4,36,9,0.74,0.67,0.133333333,0.754409343
194,36,9,1,4,1,4,36,9,0.74,0.665,0.133333333,0.751960978
195,36,9,1,4,1,4,36,9,0.74,0.66,0.133333333,0.750560092
196,36,9,1,4,1,4,36,9,0.74,0.66,0.133333333,0.750229278
197,36,9,1,4,1,4,36,9,0.74,0.6575,0.133333333,0.751083717
198,36,9,1,4,1,4,36,9,0.74,0.655,0.133333333,0.75056155
199,36,9,1,4,1,4,36,9,0.74,0.655,0.133333333,0.750243936
200,36,9,1,4,1,4,36,9,0.74,0.655,0.133333333,0.749771677
201,36,9,1,4,1,4,36,9,0.74,0.655,0.133333333,0.74988377
