epoch,class_0_tp,class_0_fp,class_0_tn,class_0_fn,class_1_tp,class_1_fp,class_1_tn,class_1_fn,accuracy,roc_auc,f1_score,loss
2,20,3,7,20,7,20,20,3,0.54,0.565,0.378378378,0.711044111
3,28,7,3,12,3,12,28,7,0.62,0.59,0.24,0.683885803
4,32,7,3,8,3,8,32,7,0.7,0.6,0.285714286,0.667262129
5,32,7,3,8,3,8,32,7,0.7,0.595,0.285714286,0.653129767
6,33,7,3,7,3,7,33,7,0.72,0.595,0.3,0.644607145
7,33,7,3,7,3,7,33,7,0.72,0.6125,0.3,0.642548507
8,33,7,3,7,3,7,33,7,0.72,0.6175,0.3,0.638811165
9,34,7,3,6,3,6,34,7,0.74,0.6225,0.315789474,0.636436402
10,35,7,3,5,3,5,35,7,0.76,0.635,0.333333333,0.630609238
11,34,7,3,6,3,6,34,7,0.74,0.64,0.315789474,0.626808378
12,34,7,3,6,3,6,34,7,0.74,0.6475,0.315789474,0.626455467
13,34,7,3,6,3,6,34,7,0.74,0.6475,0.315789474,0.627102142
14,34,7,3,6,3,6,34,7,0.74,0.6575,0.315789474,0.623878654
15,34,7,3,6,3,6,34,7,0.74,0.66,0.315789474,0.624771821
16,34,7,3,6,3,6,34,7,0.74,0.665,0.315789474,0.623113523
17,34,8,2,6,2,6,34,8,0.72,0.665,0.222222222,0.622430047
18,34,8,2,6,2,6,34,8,0.72,0.67,0.222222222,0.621851131
19,35,8,2,5,2,5,35,8,0.74,0.6775,0.235294118,0.620152246
20,35,9,1,5,1,5,35,9,0.72,0.6775,0.125,0.620103023
21,35,9,1,5,1,5,35,9,0.72,0.68,0.125,0.619325681
22,35,9,1,5,1,5,35,9,0.72,0.675,0.125,0.620344447
23,35,9,1,5,1,5,35,9,0.72,0.65,0.125,0.620292754
24,35,9,1,5,1,5,35,9,0.72,0.6525,0.125,0.618855562
25,35,8,2,5,2,5,35,8,0.74,0.6375,0.235294118,0.618400558
26,35,8,2,5,2,5,35,8,0.74,0.635,0.235294118,0.618031947
27,35,8,2,5,2,5,35,8,0.74,0.645,0.235294118,0.618755062
28,36,8,2,4,2,4,36,8,0.76,0.6425,0.25,0.618801871
29,36,8,2,4,2,4,36,8,0.76,0.6475,0.25,0.618059495
30,36,8,2,4,2,4,36,8,0.76,0.6525,0.25,0.618078871
31,35,8,2,5,2,5,35,8,0.74,0.6475,0.235294118,0.618430567
32,35,8,2,5,2,5,35,8,0.74,0.655,0.235294118,0.617263463
33,35,7,3,5,3,5,35,7,0.76,0.6525,0.333333333,0.617292597
34,34,7,3,6,3,6,34,7,0.74,0.6475,0.315789474,0.616924617
35,34,7,3,6,3,6,34,7,0.74,0.65,0.315789474,0.617241841
36,34,7,3,6,3,6,34,7,0.74,0.6475,0.315789474,0.616503463
37,34,7,3,6,3,6,34,7,0.74,0.6475,0.315789474,0.618011791
38,34,7,3,6,3,6,34,7,0.74,0.6475,0.315789474,0.618991305
39,34,7,3,6,3,6,34,7,0.74,0.6525,0.315789474,0.618413808
40,34,7,3,6,3,6,34,7,0.74,0.645,0.315789474,0.618408653
41,34,7,3,6,3,6,34,7,0.74,0.645,0.315789474,0.618481578
42,35,7,3,5,3,5,35,7,0.76,0.6475,0.333333333,0.618041698
43,35,7,3,5,3,5,35,7,0.76,0.645,0.333333333,0.618929294
44,35,7,3,5,3,5,35,7,0.76,0.6475,0.333333333,0.617879543
45,35,7,3,5,3,5,35,7,0.76,0.6425,0.333333333,0.617542282
46,35,7,3,5,3,5,35,7,0.76,0.6425,0.333333333,0.616181783
47,35,7,3,5,3,5,35,7,0.76,0.6425,0.333333333,0.614846872
48,35,7,3,5,3,5,35,7,0.76,0.6375,0.333333333,0.614426417
49,35,7,3,5,3,5,35,7,0.76,0.64,0.333333333,0.613810123
50,35,7,3,5,3,5,35,7,0.76,0.6375,0.333333333,0.612069634
51,36,7,3,4,3,4,36,7,0.78,0.6375,0.352941176,0.611359214
52,36,7,3,4,3,4,36,7,0.78,0.635,0.352941176,0.612588328
53,36,6,4,4,4,4,36,6,0.8,0.64,0.444444444,0.612498478
54,36,6,4,4,4,4,36,6,0.8,0.6375,0.444444444,0.613403778
55,36,6,4,4,4,4,36,6,0.8,0.635,0.444444444,0.61405081
56,34,6,4,6,4,6,34,6,0.76,0.635,0.4,0.613500986
57,33,6,4,7,4,7,33,6,0.74,0.635,0.380952381,0.613853413
58,33,6,4,7,4,7,33,6,0.74,0.6325,0.380952381,0.613676147
59,34,6,4,6,4,6,34,6,0.76,0.6375,0.4,0.612402858
60,33,5,5,7,5,7,33,5,0.76,0.6375,0.454545455,0.612012342
61,33,5,5,7,5,7,33,5,0.76,0.6375,0.454545455,0.611469378
62,33,5,5,7,5,7,33,5,0.76,0.6375,0.454545455,0.610654111
63,33,5,5,7,5,7,33,5,0.76,0.6375,0.454545455,0.610232229
64,33,5,5,7,5,7,33,5,0.76,0.6375,0.454545455,0.608909569
65,33,5,5,7,5,7,33,5,0.76,0.6375,0.454545455,0.60781706
66,33,5,5,7,5,7,33,5,0.76,0.635,0.454545455,0.607046
67,33,5,5,7,5,7,33,5,0.76,0.6325,0.454545455,0.607142959
68,33,5,5,7,5,7,33,5,0.76,0.635,0.454545455,0.606278884
69,33,5,5,7,5,7,33,5,0.76,0.6375,0.454545455,0.606050593
70,33,5,5,7,5,7,33,5,0.76,0.64,0.454545455,0.606166255
71,33,5,5,7,5,7,33,5,0.76,0.6375,0.454545455,0.605914636
72,33,5,5,7,5,7,33,5,0.76,0.6375,0.454545455,0.605710439
73,33,5,5,7,5,7,33,5,0.76,0.635,0.454545455,0.604649736
74,33,5,5,7,5,7,33,5,0.76,0.6325,0.454545455,0.60481997
75,33,5,5,7,5,7,33,5,0.76,0.6325,0.454545455,0.604294011
76,33,4,6,7,6,7,33,4,0.78,0.63,0.52173913,0.603255742
77,33,4,6,7,6,7,33,4,0.78,0.63,0.52173913,0.602131566
78,33,4,6,7,6,7,33,4,0.78,0.63,0.52173913,0.600690578
79,33,4,6,7,6,7,33,4,0.78,0.6325,0.52173913,0.600459287
80,33,4,6,7,6,7,33,4,0.78,0.63,0.52173913,0.601055121
81,33,4,6,7,6,7,33,4,0.78,0.6275,0.52173913,0.600965025
82,31,4,6,9,6,9,31,4,0.74,0.625,0.48,0.601390712
83,31,4,6,9,6,9,31,4,0.74,0.6225,0.48,0.600936657
84,31,4,6,9,6,9,31,4,0.74,0.6225,0.48,0.600702913
85,31,4,6,9,6,9,31,4,0.74,0.625,0.48,0.601317116
86,31,4,6,9,6,9,31,4,0.74,0.625,0.48,0.600506466
87,31,4,6,9,6,9,31,4,0.74,0.6275,0.48,0.601023077
88,31,4,6,9,6,9,31,4,0.74,0.625,0.48,0.60192543
89,31,4,6,9,6,9,31,4,0.74,0.625,0.48,0.603625028
90,30,4,6,10,6,10,30,4,0.72,0.6175,0.461538462,0.605204443
91,30,4,6,10,6,10,30,4,0.72,0.6175,0.461538462,0.604873153
92,30,4,6,10,6,10,30,4,0.72,0.6125,0.461538462,0.605550476
93,30,4,6,10,6,10,30,4,0.72,0.6125,0.461538462,0.605181318
94,30,4,6,10,6,10,30,4,0.72,0.6125,0.461538462,0.605314899
95,30,4,6,10,6,10,30,4,0.72,0.6125,0.461538462,0.604477732
96,31,4,6,9,6,9,31,4,0.74,0.6075,0.48,0.602546498
97,31,4,6,9,6,9,31,4,0.74,0.6075,0.48,0.600319842
98,32,4,6,8,6,8,32,4,0.76,0.6075,0.5,0.598569081
99,32,4,6,8,6,8,32,4,0.76,0.605,0.5,0.596289689
100,32,4,6,8,6,8,32,4,0.76,0.6075,0.5,0.595235948
101,32,4,6,8,6,8,32,4,0.76,0.605,0.5,0.595279296
102,32,4,6,8,6,8,32,4,0.76,0.61,0.5,0.593945066
103,32,4,6,8,6,8,32,4,0.76,0.6175,0.5,0.592274892
104,32,4,6,8,6,8,32,4,0.76,0.6175,0.5,0.591975695
105,31,4,6,9,6,9,31,4,0.74,0.625,0.48,0.5904928
106,31,4,6,9,6,9,31,4,0.74,0.6275,0.48,0.588696277
107,31,4,6,9,6,9,31,4,0.74,0.625,0.48,0.588575772
108,31,4,6,9,6,9,31,4,0.74,0.6225,0.48,0.58768446
109,32,4,6,8,6,8,32,4,0.76,0.6225,0.5,0.585269718
110,32,4,6,8,6,8,32,4,0.76,0.6175,0.5,0.582624963
111,32,4,6,8,6,8,32,4,0.76,0.62,0.5,0.581856291
112,32,4,6,8,6,8,32,4,0.76,0.62,0.5,0.580776194
113,32,4,6,8,6,8,32,4,0.76,0.62,0.5,0.579447632
114,32,4,6,8,6,8,32,4,0.76,0.62,0.5,0.580768459
115,32,4,6,8,6,8,32,4,0.76,0.6175,0.5,0.582171667
116,32,4,6,8,6,8,32,4,0.76,0.6175,0.5,0.58179238
117,32,4,6,8,6,8,32,4,0.76,0.62,0.5,0.581925519
118,32,4,6,8,6,8,32,4,0.76,0.6175,0.5,0.581309225
119,32,4,6,8,6,8,32,4,0.76,0.6175,0.5,0.58109166
120,32,5,5,8,5,8,32,5,0.74,0.615,0.434782609,0.579105951
121,32,5,5,8,5,8,32,5,0.74,0.6225,0.434782609,0.579314654
122,32,5,5,8,5,8,32,5,0.74,0.62,0.434782609,0.577739332
123,32,5,5,8,5,8,32,5,0.74,0.62,0.434782609,0.577678471
124,32,5,5,8,5,8,32,5,0.74,0.62,0.434782609,0.578996454
125,32,5,5,8,5,8,32,5,0.74,0.62,0.434782609,0.577785324
126,32,5,5,8,5,8,32,5,0.74,0.6225,0.434782609,0.578273604
127,32,5,5,8,5,8,32,5,0.74,0.6225,0.434782609,0.577412113
128,32,5,5,8,5,8,32,5,0.74,0.6225,0.434782609,0.57563252
129,32,5,5,8,5,8,32,5,0.74,0.62,0.434782609,0.574106105
130,32,5,5,8,5,8,32,5,0.74,0.62,0.434782609,0.573050451
131,32,5,5,8,5,8,32,5,0.74,0.615,0.434782609,0.57232074
132,32,6,4,8,4,8,32,6,0.72,0.615,0.363636364,0.572115775
133,32,6,4,8,4,8,32,6,0.72,0.615,0.363636364,0.57177641
134,32,6,4,8,4,8,32,6,0.72,0.6125,0.363636364,0.572426994
135,32,6,4,8,4,8,32,6,0.72,0.615,0.363636364,0.574758108
136,32,6,4,8,4,8,32,6,0.72,0.615,0.363636364,0.575835678
137,33,6,4,7,4,7,33,6,0.74,0.6075,0.380952381,0.573821988
138,34,6,4,6,4,6,34,6,0.76,0.605,0.4,0.57230846
139,34,6,4,6,4,6,34,6,0.76,0.6025,0.4,0.569122824
140,36,6,4,4,4,4,36,6,0.8,0.6025,0.444444444,0.5667352
141,36,6,4,4,4,4,36,6,0.8,0.6025,0.444444444,0.563910784
142,36,6,4,4,4,4,36,6,0.8,0.6025,0.444444444,0.563506356
143,36,6,4,4,4,4,36,6,0.8,0.6025,0.444444444,0.563098863
144,36,6,4,4,4,4,36,6,0.8,0.6075,0.444444444,0.562013544
145,35,6,4,5,4,5,35,6,0.78,0.605,0.421052632,0.561079187
146,36,6,4,4,4,4,36,6,0.8,0.6075,0.444444444,0.558766344
147,36,6,4,4,4,4,36,6,0.8,0.61,0.444444444,0.55622747
148,37,6,4,3,4,3,37,6,0.82,0.615,0.470588235,0.554137094
149,37,6,4,3,4,3,37,6,0.82,0.62,0.470588235,0.552789669
150,37,6,4,3,4,3,37,6,0.82,0.62,0.470588235,0.551384683
151,37,6,4,3,4,3,37,6,0.82,0.6175,0.470588235,0.550053336
152,37,6,4,3,4,3,37,6,0.82,0.62,0.470588235,0.547824478
153,37,6,4,3,4,3,37,6,0.82,0.6175,0.470588235,0.546473597
154,37,7,3,3,3,3,37,7,0.8,0.62,0.375,0.544684866
155,37,7,3,3,3,3,37,7,0.8,0.62,0.375,0.544587785
156,37,8,2,3,2,3,37,8,0.78,0.62,0.266666667,0.543408183
157,37,8,2,3,2,3,37,8,0.78,0.62,0.266666667,0.542521487
158,37,8,2,3,2,3,37,8,0.78,0.6275,0.266666667,0.541495849
159,37,8,2,3,2,3,37,8,0.78,0.6275,0.266666667,0.541447037
160,37,8,2,3,2,3,37,8,0.78,0.6275,0.266666667,0.536697544
161,37,8,2,3,2,3,37,8,0.78,0.6275,0.266666667,0.534410856
162,38,8,2,2,2,2,38,8,0.8,0.6275,0.285714286,0.532404199
163,38,8,2,2,2,2,38,8,0.8,0.63,0.285714286,0.530444207
164,38,8,2,2,2,2,38,8,0.8,0.6225,0.285714286,0.529533157
165,38,8,2,2,2,2,38,8,0.8,0.6225,0.285714286,0.528737777
166,39,8,2,1,2,1,39,8,0.82,0.62,0.307692308,0.527933634
167,39,8,2,1,2,1,39,8,0.82,0.62,0.307692308,0.525851542
168,39,8,2,1,2,1,39,8,0.82,0.625,0.307692308,0.524673343
169,39,8,2,1,2,1,39,8,0.82,0.6275,0.307692308,0.522050376
170,39,9,1,1,1,1,39,9,0.8,0.625,0.166666667,0.519144242
171,39,8,2,1,2,1,39,8,0.82,0.6175,0.307692308,0.519169932
172,39,8,2,1,2,1,39,8,0.82,0.6125,0.307692308,0.519370434
173,39,8,2,1,2,1,39,8,0.82,0.6125,0.307692308,0.518539037
174,39,8,2,1,2,1,39,8,0.82,0.6125,0.307692308,0.51855139
175,39,8,2,1,2,1,39,8,0.82,0.6125,0.307692308,0.516177099
176,39,8,2,1,2,1,39,8,0.82,0.6175,0.307692308,0.515375066
177,39,8,2,1,2,1,39,8,0.82,0.625,0.307692308,0.514593062
178,39,8,2,1,2,1,39,8,0.82,0.625,0.307692308,0.513597746
179,39,8,2,1,2,1,39,8,0.82,0.6275,0.307692308,0.511116404
180,38,8,2,2,2,2,38,8,0.8,0.6225,0.285714286,0.510809008
181,38,8,2,2,2,2,38,8,0.8,0.625,0.285714286,0.509700983
182,39,8,2,1,2,1,39,8,0.82,0.63,0.307692308,0.506948453
183,38,8,2,2,2,2,38,8,0.8,0.6275,0.285714286,0.504935228
184,38,8,2,2,2,2,38,8,0.8,0.625,0.285714286,0.505195725
185,38,8,2,2,2,2,38,8,0.8,0.625,0.285714286,0.503406308
186,38,8,2,2,2,2,38,8,0.8,0.625,0.285714286,0.502407232
187,38,8,2,2,2,2,38,8,0.8,0.6225,0.285714286,0.501071654
188,38,8,2,2,2,2,38,8,0.8,0.6225,0.285714286,0.502348805
189,38,9,1,2,1,2,38,9,0.78,0.625,0.153846154,0.501856872
190,38,9,1,2,1,2,38,9,0.78,0.62,0.153846154,0.501331525
191,38,9,1,2,1,2,38,9,0.78,0.6175,0.153846154,0.502193861
192,38,9,1,2,1,2,38,9,0.78,0.6175,0.153846154,0.502716125
193,38,9,1,2,1,2,38,9,0.78,0.62,0.153846154,0.50285194
194,38,9,1,2,1,2,38,9,0.78,0.6175,0.153846154,0.503222577
195,38,9,1,2,1,2,38,9,0.78,0.6225,0.153846154,0.503481647
196,38,9,1,2,1,2,38,9,0.78,0.62,0.153846154,0.503962516
197,38,9,1,2,1,2,38,9,0.78,0.6225,0.153846154,0.503749339
198,38,9,1,2,1,2,38,9,0.78,0.62,0.153846154,0.503687484
199,38,10,0,2,0,2,38,10,0.76,0.6225,0,0.504621253
200,38,9,1,2,1,2,38,9,0.78,0.6225,0.153846154,0.504089279
201,38,9,1,2,1,2,38,9,0.78,0.6175,0.153846154,0.503885728
