epoch,class_0_tp,class_0_fp,class_0_tn,class_0_fn,class_1_tp,class_1_fp,class_1_tn,class_1_fn,accuracy,roc_auc,f1_score,loss
2,11,3,8,28,8,28,11,3,0.38,0.606060606,0.340425532,0.695567215
3,26,7,4,13,4,13,26,7,0.6,0.629370629,0.285714286,0.648690282
4,34,7,4,5,4,5,34,7,0.76,0.655011655,0.4,0.611580111
5,35,10,1,4,1,4,35,10,0.72,0.668997669,0.125,0.588792609
6,36,10,1,3,1,3,36,10,0.74,0.678321678,0.133333333,0.575247402
7,36,11,0,3,0,3,36,11,0.72,0.694638695,0,0.565674193
8,36,11,0,3,0,3,36,11,0.72,0.694638695,0,0.557672589
9,36,10,1,3,1,3,36,10,0.74,0.696969697,0.133333333,0.553941064
10,36,10,1,3,1,3,36,10,0.74,0.68997669,0.133333333,0.54994715
11,36,10,1,3,1,3,36,10,0.74,0.678321678,0.133333333,0.549159163
12,36,10,1,3,1,3,36,10,0.74,0.675990676,0.133333333,0.546693084
13,36,10,1,3,1,3,36,10,0.74,0.664335664,0.133333333,0.545399722
14,36,10,1,3,1,3,36,10,0.74,0.662004662,0.133333333,0.542216848
15,36,10,1,3,1,3,36,10,0.74,0.657342657,0.133333333,0.542466704
16,36,10,1,3,1,3,36,10,0.74,0.657342657,0.133333333,0.542216134
17,36,10,1,3,1,3,36,10,0.74,0.655011655,0.133333333,0.54092707
18,36,10,1,3,1,3,36,10,0.74,0.655011655,0.133333333,0.539578614
19,36,10,1,3,1,3,36,10,0.74,0.65034965,0.133333333,0.538745678
20,36,10,1,3,1,3,36,10,0.74,0.648018648,0.133333333,0.537835722
21,36,10,1,3,1,3,36,10,0.74,0.648018648,0.133333333,0.537238403
22,36,10,1,3,1,3,36,10,0.74,0.648018648,0.133333333,0.53715194
23,36,10,1,3,1,3,36,10,0.74,0.641025641,0.133333333,0.536624118
24,36,10,1,3,1,3,36,10,0.74,0.636363636,0.133333333,0.536419464
25,36,10,1,3,1,3,36,10,0.74,0.636363636,0.133333333,0.535979459
26,36,10,1,3,1,3,36,10,0.74,0.636363636,0.133333333,0.535786009
27,36,10,1,3,1,3,36,10,0.74,0.636363636,0.133333333,0.536067642
28,36,10,1,3,1,3,36,10,0.74,0.631701632,0.133333333,0.536468144
29,36,10,1,3,1,3,36,10,0.74,0.638694639,0.133333333,0.536218372
30,36,10,1,3,1,3,36,10,0.74,0.636363636,0.133333333,0.536281645
31,36,10,1,3,1,3,36,10,0.74,0.638694639,0.133333333,0.536232883
32,36,10,1,3,1,3,36,10,0.74,0.631701632,0.133333333,0.536291553
33,36,10,1,3,1,3,36,10,0.74,0.624708625,0.133333333,0.536792829
34,36,10,1,3,1,3,36,10,0.74,0.624708625,0.133333333,0.537459553
35,36,10,1,3,1,3,36,10,0.74,0.627039627,0.133333333,0.537709674
36,36,10,1,3,1,3,36,10,0.74,0.622377622,0.133333333,0.537825286
37,36,10,1,3,1,3,36,10,0.74,0.62004662,0.133333333,0.537931505
38,37,10,1,2,1,2,37,10,0.76,0.62004662,0.142857143,0.538346776
39,37,10,1,2,1,2,37,10,0.76,0.624708625,0.142857143,0.539374912
40,37,10,1,2,1,2,37,10,0.76,0.62004662,0.142857143,0.540225972
41,37,11,0,2,0,2,37,11,0.74,0.617715618,0,0.540871718
42,37,11,0,2,0,2,37,11,0.74,0.615384615,0,0.54172771
43,37,11,0,2,0,2,37,11,0.74,0.615384615,0,0.542388355
44,37,11,0,2,0,2,37,11,0.74,0.615384615,0,0.543058484
45,37,11,0,2,0,2,37,11,0.74,0.615384615,0,0.543428205
46,37,11,0,2,0,2,37,11,0.74,0.617715618,0,0.544033242
47,37,11,0,2,0,2,37,11,0.74,0.62004662,0,0.544809722
48,37,11,0,2,0,2,37,11,0.74,0.62004662,0,0.544950267
49,37,11,0,2,0,2,37,11,0.74,0.615384615,0,0.545610867
50,37,11,0,2,0,2,37,11,0.74,0.615384615,0,0.546396725
51,37,11,0,2,0,2,37,11,0.74,0.617715618,0,0.547164753
52,37,10,1,2,1,2,37,10,0.76,0.62004662,0.142857143,0.547771732
53,37,10,1,2,1,2,37,10,0.76,0.62004662,0.142857143,0.548503747
54,37,10,1,2,1,2,37,10,0.76,0.62004662,0.142857143,0.54944862
55,37,10,1,2,1,2,37,10,0.76,0.617715618,0.142857143,0.550077241
56,37,10,1,2,1,2,37,10,0.76,0.617715618,0.142857143,0.550944802
57,37,10,1,2,1,2,37,10,0.76,0.613053613,0.142857143,0.551788486
58,37,10,1,2,1,2,37,10,0.76,0.610722611,0.142857143,0.552728098
59,37,10,1,2,1,2,37,10,0.76,0.610722611,0.142857143,0.553725805
60,37,10,1,2,1,2,37,10,0.76,0.610722611,0.142857143,0.554396711
61,37,10,1,2,1,2,37,10,0.76,0.610722611,0.142857143,0.555235921
62,37,10,1,2,1,2,37,10,0.76,0.606060606,0.142857143,0.556000875
63,37,10,1,2,1,2,37,10,0.76,0.606060606,0.142857143,0.556985662
64,37,10,1,2,1,2,37,10,0.76,0.608391608,0.142857143,0.55774903
65,37,10,1,2,1,2,37,10,0.76,0.606060606,0.142857143,0.558502878
66,37,10,1,2,1,2,37,10,0.76,0.606060606,0.142857143,0.558866414
67,37,10,1,2,1,2,37,10,0.76,0.603729604,0.142857143,0.559646074
68,37,10,1,2,1,2,37,10,0.76,0.606060606,0.142857143,0.560654528
69,37,10,1,2,1,2,37,10,0.76,0.608391608,0.142857143,0.56145941
70,37,10,1,2,1,2,37,10,0.76,0.608391608,0.142857143,0.562688994
71,37,10,1,2,1,2,37,10,0.76,0.606060606,0.142857143,0.563977945
72,37,10,1,2,1,2,37,10,0.76,0.606060606,0.142857143,0.565208895
73,37,10,1,2,1,2,37,10,0.76,0.599067599,0.142857143,0.566883162
74,37,10,1,2,1,2,37,10,0.76,0.599067599,0.142857143,0.568312892
75,37,10,1,2,1,2,37,10,0.76,0.596736597,0.142857143,0.569567216
76,37,10,1,2,1,2,37,10,0.76,0.596736597,0.142857143,0.570715243
77,37,10,1,2,1,2,37,10,0.76,0.599067599,0.142857143,0.572168965
78,37,10,1,2,1,2,37,10,0.76,0.596736597,0.142857143,0.573381272
79,37,10,1,2,1,2,37,10,0.76,0.599067599,0.142857143,0.574599141
80,37,10,1,2,1,2,37,10,0.76,0.592074592,0.142857143,0.575574716
81,37,10,1,2,1,2,37,10,0.76,0.596736597,0.142857143,0.576610131
82,37,10,1,2,1,2,37,10,0.76,0.594405594,0.142857143,0.577591662
83,37,10,1,2,1,2,37,10,0.76,0.592074592,0.142857143,0.578321234
84,37,10,1,2,1,2,37,10,0.76,0.592074592,0.142857143,0.579273353
85,37,10,1,2,1,2,37,10,0.76,0.594405594,0.142857143,0.580405807
86,37,10,1,2,1,2,37,10,0.76,0.594405594,0.142857143,0.581247173
87,37,10,1,2,1,2,37,10,0.76,0.58974359,0.142857143,0.582251338
88,37,10,1,2,1,2,37,10,0.76,0.592074592,0.142857143,0.583050965
89,37,10,1,2,1,2,37,10,0.76,0.578088578,0.142857143,0.583729111
90,37,10,1,2,1,2,37,10,0.76,0.575757576,0.142857143,0.584749413
91,37,10,1,2,1,2,37,10,0.76,0.573426573,0.142857143,0.585461186
92,37,10,1,2,1,2,37,10,0.76,0.575757576,0.142857143,0.586600918
93,37,10,1,2,1,2,37,10,0.76,0.573426573,0.142857143,0.587382315
94,37,10,1,2,1,2,37,10,0.76,0.571095571,0.142857143,0.588739994
95,37,10,1,2,1,2,37,10,0.76,0.566433566,0.142857143,0.589572226
96,37,10,1,2,1,2,37,10,0.76,0.571095571,0.142857143,0.590724301
97,37,10,1,2,1,2,37,10,0.76,0.566433566,0.142857143,0.591825671
98,37,10,1,2,1,2,37,10,0.76,0.561771562,0.142857143,0.592918002
99,37,10,1,2,1,2,37,10,0.76,0.559440559,0.142857143,0.594133085
100,37,10,1,2,1,2,37,10,0.76,0.559440559,0.142857143,0.595337652
101,37,10,1,2,1,2,37,10,0.76,0.559440559,0.142857143,0.596445533
102,37,10,1,2,1,2,37,10,0.76,0.559440559,0.142857143,0.59803135
103,37,10,1,2,1,2,37,10,0.76,0.557109557,0.142857143,0.599462833
104,37,10,1,2,1,2,37,10,0.76,0.55011655,0.142857143,0.600818537
105,37,10,1,2,1,2,37,10,0.76,0.547785548,0.142857143,0.602235818
106,37,10,1,2,1,2,37,10,0.76,0.547785548,0.142857143,0.60335494
107,37,10,1,2,1,2,37,10,0.76,0.547785548,0.142857143,0.604733131
108,37,10,1,2,1,2,37,10,0.76,0.545454545,0.142857143,0.605816809
109,37,10,1,2,1,2,37,10,0.76,0.547785548,0.142857143,0.607309043
110,37,10,1,2,1,2,37,10,0.76,0.545454545,0.142857143,0.608813176
111,37,10,1,2,1,2,37,10,0.76,0.545454545,0.142857143,0.610475443
112,37,10,1,2,1,2,37,10,0.76,0.545454545,0.142857143,0.611642278
113,37,10,1,2,1,2,37,10,0.76,0.543123543,0.142857143,0.613025595
114,37,10,1,2,1,2,37,10,0.76,0.543123543,0.142857143,0.614312724
115,37,10,1,2,1,2,37,10,0.76,0.543123543,0.142857143,0.615136875
116,37,10,1,2,1,2,37,10,0.76,0.543123543,0.142857143,0.616142044
117,37,10,1,2,1,2,37,10,0.76,0.543123543,0.142857143,0.618218878
118,37,10,1,2,1,2,37,10,0.76,0.540792541,0.142857143,0.619765159
119,37,10,1,2,1,2,37,10,0.76,0.540792541,0.142857143,0.621574481
120,37,10,1,2,1,2,37,10,0.76,0.540792541,0.142857143,0.622531121
121,37,10,1,2,1,2,37,10,0.76,0.540792541,0.142857143,0.623423691
122,36,10,1,3,1,3,36,10,0.74,0.538461538,0.133333333,0.624501238
123,36,10,1,3,1,3,36,10,0.74,0.538461538,0.133333333,0.625917982
124,36,10,1,3,1,3,36,10,0.74,0.540792541,0.133333333,0.627112459
125,36,10,1,3,1,3,36,10,0.74,0.540792541,0.133333333,0.627817511
126,36,10,1,3,1,3,36,10,0.74,0.540792541,0.133333333,0.628568722
127,36,10,1,3,1,3,36,10,0.74,0.540792541,0.133333333,0.629355838
128,36,10,1,3,1,3,36,10,0.74,0.540792541,0.133333333,0.630531835
129,36,10,1,3,1,3,36,10,0.74,0.543123543,0.133333333,0.631642034
130,36,10,1,3,1,3,36,10,0.74,0.540792541,0.133333333,0.633102528
131,37,10,1,2,1,2,37,10,0.76,0.538461538,0.142857143,0.634974533
132,36,10,1,3,1,3,36,10,0.74,0.538461538,0.133333333,0.634921072
133,36,10,1,3,1,3,36,10,0.74,0.538461538,0.133333333,0.635056085
134,36,10,1,3,1,3,36,10,0.74,0.538461538,0.133333333,0.635997248
135,37,10,1,2,1,2,37,10,0.76,0.538461538,0.142857143,0.636272753
136,37,10,1,2,1,2,37,10,0.76,0.538461538,0.142857143,0.637474611
137,36,10,1,3,1,3,36,10,0.74,0.538461538,0.133333333,0.637770208
138,36,10,1,3,1,3,36,10,0.74,0.533799534,0.133333333,0.637895847
139,36,10,1,3,1,3,36,10,0.74,0.529137529,0.133333333,0.638377906
140,38,10,1,1,1,1,38,10,0.78,0.531468531,0.153846154,0.638934251
141,38,10,1,1,1,1,38,10,0.78,0.531468531,0.153846154,0.638755111
142,38,10,1,1,1,1,38,10,0.78,0.531468531,0.153846154,0.639218945
143,38,10,1,1,1,1,38,10,0.78,0.529137529,0.153846154,0.640060478
144,38,10,1,1,1,1,38,10,0.78,0.526806527,0.153846154,0.640803957
145,38,10,1,1,1,1,38,10,0.78,0.524475524,0.153846154,0.640748398
146,38,10,1,1,1,1,38,10,0.78,0.524475524,0.153846154,0.641194681
147,38,10,1,1,1,1,38,10,0.78,0.529137529,0.153846154,0.640996981
148,38,10,1,1,1,1,38,10,0.78,0.531468531,0.153846154,0.641048114
149,38,10,1,1,1,1,38,10,0.78,0.529137529,0.153846154,0.641423793
150,38,10,1,1,1,1,38,10,0.78,0.531468531,0.153846154,0.641780431
151,38,10,1,1,1,1,38,10,0.78,0.533799534,0.153846154,0.641969475
152,38,10,1,1,1,1,38,10,0.78,0.533799534,0.153846154,0.64233815
153,38,10,1,1,1,1,38,10,0.78,0.536130536,0.153846154,0.642518133
154,38,10,1,1,1,1,38,10,0.78,0.533799534,0.153846154,0.642654006
155,38,10,1,1,1,1,38,10,0.78,0.533799534,0.153846154,0.642838736
156,38,10,1,1,1,1,38,10,0.78,0.533799534,0.153846154,0.643043732
157,38,10,1,1,1,1,38,10,0.78,0.531468531,0.153846154,0.64381195
158,38,10,1,1,1,1,38,10,0.78,0.533799534,0.153846154,0.644573571
159,38,10,1,1,1,1,38,10,0.78,0.533799534,0.153846154,0.644517083
160,38,10,1,1,1,1,38,10,0.78,0.531468531,0.153846154,0.644615325
161,38,10,1,1,1,1,38,10,0.78,0.531468531,0.153846154,0.645266463
162,38,10,1,1,1,1,38,10,0.78,0.529137529,0.153846154,0.645904107
163,38,10,1,1,1,1,38,10,0.78,0.533799534,0.153846154,0.64638462
164,38,10,1,1,1,1,38,10,0.78,0.531468531,0.153846154,0.646851071
165,38,10,1,1,1,1,38,10,0.78,0.529137529,0.153846154,0.647630159
166,38,10,1,1,1,1,38,10,0.78,0.529137529,0.153846154,0.648784268
167,38,10,1,1,1,1,38,10,0.78,0.531468531,0.153846154,0.649585774
168,37,10,1,2,1,2,37,10,0.76,0.531468531,0.142857143,0.650319132
169,37,10,1,2,1,2,37,10,0.76,0.529137529,0.142857143,0.650740525
170,37,10,1,2,1,2,37,10,0.76,0.529137529,0.142857143,0.651281248
171,37,10,1,2,1,2,37,10,0.76,0.529137529,0.142857143,0.652273678
172,37,10,1,2,1,2,37,10,0.76,0.531468531,0.142857143,0.653594898
173,37,10,1,2,1,2,37,10,0.76,0.536130536,0.142857143,0.65450939
174,37,10,1,2,1,2,37,10,0.76,0.538461538,0.142857143,0.655750686
175,37,10,1,2,1,2,37,10,0.76,0.533799534,0.142857143,0.655895955
176,37,10,1,2,1,2,37,10,0.76,0.536130536,0.142857143,0.655409429
177,37,9,2,2,2,2,37,9,0.78,0.533799534,0.266666667,0.655296393
178,37,9,2,2,2,2,37,9,0.78,0.531468531,0.266666667,0.655653025
179,37,9,2,2,2,2,37,9,0.78,0.533799534,0.266666667,0.656373675
180,37,9,2,2,2,2,37,9,0.78,0.540792541,0.266666667,0.65647156
181,37,9,2,2,2,2,37,9,0.78,0.540792541,0.266666667,0.656050216
182,37,9,2,2,2,2,37,9,0.78,0.540792541,0.266666667,0.656416787
183,37,9,2,2,2,2,37,9,0.78,0.540792541,0.266666667,0.656297218
184,37,9,2,2,2,2,37,9,0.78,0.543123543,0.266666667,0.656555289
185,37,9,2,2,2,2,37,9,0.78,0.543123543,0.266666667,0.656037059
186,37,9,2,2,2,2,37,9,0.78,0.543123543,0.266666667,0.656259418
187,37,9,2,2,2,2,37,9,0.78,0.545454545,0.266666667,0.656040356
188,37,9,2,2,2,2,37,9,0.78,0.543123543,0.266666667,0.656110651
189,37,9,2,2,2,2,37,9,0.78,0.545454545,0.266666667,0.655547146
190,37,9,2,2,2,2,37,9,0.78,0.55011655,0.266666667,0.655707523
191,37,9,2,2,2,2,37,9,0.78,0.552447552,0.266666667,0.655719128
192,37,9,2,2,2,2,37,9,0.78,0.554778555,0.266666667,0.655995169
193,37,9,2,2,2,2,37,9,0.78,0.554778555,0.266666667,0.65362037
194,37,9,2,2,2,2,37,9,0.78,0.552447552,0.266666667,0.650532427
195,37,9,2,2,2,2,37,9,0.78,0.552447552,0.266666667,0.64920731
196,37,9,2,2,2,2,37,9,0.78,0.557109557,0.266666667,0.648083449
197,37,9,2,2,2,2,37,9,0.78,0.557109557,0.266666667,0.647105926
198,37,9,2,2,2,2,37,9,0.78,0.557109557,0.266666667,0.647164604
199,37,9,2,2,2,2,37,9,0.78,0.557109557,0.266666667,0.647893109
200,37,9,2,2,2,2,37,9,0.78,0.557109557,0.266666667,0.648527083
201,37,9,2,2,2,2,37,9,0.78,0.557109557,0.266666667,0.649057709
